1
3
10
14
15
22
23
25
27
29
32
41
42
44
46
50
53
54
58
60
61
63
66
67
69
70
73
74
75
76
78
79
80
83
85
86
89
90
91
93
95
102
104
106
113
115
116
127
129
131
133
136
137
138
143
146
147
148
151
152
153
154
155
156
163
164
165
167
171
172
176
178
179
183
187
194
196
198
200
203
205
215
218
220
223
227
228
230
231
234
235
236
237
240
243
245
248
249
255
256
259
261
262
266
268
269
276
277
278
280
281
283
286
287
288
291
298
299
300
305
306
307
310
312
314
315
321
322
326
327
331
332
333
336
337
350
354
356
357
358
359
360
362
363
369
372
373
375
376
379
381
383
384
385
386
387
388
389
392
393
394
395
396
399
403
406
407
408
414
415
419
422
423
424
427
432
433
435
437
438
439
442
446
449
450
454
457
462
463
465
468
472
473
474
476
477
478
479
480
482
483
485
486
487
493
494
498
499
504
509
510
512
516
517
519
520
523
526
527
533
537
541
544
547
549
551
552
554
557
559
560
561
563
564
566
567
572
575
576
577
583
586
587
588
597
599
604
605
610
611
613
614
615
618
619
623
624
627
628
631
633
634
636
637
641
647
648
649
650
651
655
658
663
668
669
671
673
676
680
681
685
686
689
693
698
701
702
705
708
714
724
726
729
730
731
736
743
746
747
750
753
755
757
758
761
762
763
764
767
769
772
773
777
780
781
783
786
789
794
795
797
799
801
802
803
805
808
813
815
818
820
823
824
829
830
835
841
843
847
852
853
855
857
859
860
861
864
869
872
875
878
881
884
885
888
894
896
898
899
903
906
909
910
918
924
926
929
930
932
933
943
946
949
950
951
952
956
959
962
964
967
969
970
971
972
974
975
976
977
978
980
981
983
984
987
989
990
997
1005
1008
1009
1010
1011
1012
1019
1021
1024
1026
1030
1033
1035
1036
1046
1048
1053
1055
1056
1057
1058
1060
1065
1067
1068
1071
1072
1073
1074
1080
1081
1084
1085
1087
1092
1095
1098
1099
1100
1103
1107
1110
1114
1115
1116
1123
1125
1126
1128
1129
1130
1131
1133
1136
1138
1140
1141
1142
1146
1148
1150
1158
1161
1162
1164
1165
1166
1168
1170
1172
1174
1181
1188
1190
1191
1195
1198
1199
1200
1203
1204
1206
1207
1208
1210
1215
1221
1223
1224
1228
1229
1231
1232
1235
1237
1241
1245
1246
1248
1251
1252
1259
1260
1263
1269
1270
1277
1279
1284
1285
1289
1290
1292
1294
1295
1299
1300
1303
1304
1305
1309
1311
1313
1314
1317
1322
1325
1326
1330
1338
1341
1344
1348
1349
1351
1356
1358
1359
1360
1364
1367
1371
1376
1377
1379
1382
1383
1385
1388
1389
1394
1395
1398
1399
1401
1403
1404
1405
1406
1407
1408
1411
1412
1413
1416
1420
1421
1422
1429
1431
1432
1433
1435
1437
1438
1441
1442
1447
1450
1451
1452
1454
1457
1459
1464
1471
1472
1473
1474
1477
1478
1480
1481
1482
1483
1485
1488
1493
1496
1497
1499
1503
1507
1508
1512
1516
1524
1525
1526
1527
1528
1529
1530
1531
1532
1536
1539
1541
1542
1548
1551
1555
1558
1566
1569
1571
1573
1575
1582
1584
1585
1591
1592
1594
1598
1599
1600
1603
1611
1612
1615
1617
1618
1619
1621
1624
1625
1626
1630
1631
1632
1637
1639
1645
1651
1654
1659
1662
1663
1665
1667
1669
1673
1674
1689
1691
1697
1701
1702
1705
1707
1708
1709
1713
1714
1716
1717
1719
1720
1725
1726
1731
1732
1734
1735
1741
1745
1748
1751
1756
1758
1759
1760
1763
1764
1769
1771
1777
1779
1786
1788
1791
1795
1797
1798
1799
1805
1809
1810
1811
1812
1814
1817
1822
1823
1828
1831
1834
1835
1839
1842
1845
1846
1849
1850
1853
1857
1858
1859
1861
1867
1873
1874
1877
1881
1884
1886
1887
1896
1902
1904
1911
1919
1922
1925
1926
1929
1931
1932
1935
1936
1937
1941
1942
1944
1946
1947
1948
1952
1954
1955
1957
1958
1963
1969
1972
1975
1979
1981
1983
1991
1996
1999
2001
2006
2008
2010
2012
2015
2016
2019
2027
2030
2032
2036
2038
2044
2048
2055
2056
2061
2063
2065
2066
2071
2073
2074
2076
2077
2078
2080
2083
2084
2085
2086
2087
2088
2091
2095
2100
2101
2106
2112
2115
2119
2121
2126
2127
2132
2135
2141
2143
2144
2146
2147
2148
2149
2154
2155
2156
2157
2162
2163
2170
2174
2181
2182
2186
2198
2200
2202
2203
2217
2220
2224
2226
2229
2230
2231
2232
2233
2244
2248
2249
2251
2254
2255
2256
2267
2275
2283
2284
2290
2292
2297
2299
2304
2308
2309
2311
2314
2315
2316
2317
2328
2332
2334
2340
2341
2344
2346
2350
2351
2353
2354
2355
2357
2359
2360
2366
2368
2374
2375
2378
2386
2387
2388
2390
2400
2403
2404
2406
2407
2412
2415
2416
2417
2420
2424
2428
2445
2455
2456
2460
2467
2469
2471
2474
2477
2479
2483
2486
2487
2488
2494
2495
2500
2506
2507
2513
2514
2516
2521
2523
2528
2534
2538
2540
2541
2543
2544
2554
2556
2558
2559
2560
2561
2564
2566
2567
2568
2570
2571
2574
2576
2577
2581
2584
2586
2588
2591
2592
2598
2603
2608
2614
2615
2623
2625
2627
2628
2629
2630
2631
2636
2643
2645
2654
2655
2657
2667
2669
2676
2679
2683
2684
2686
2687
2689
2690
2693
2697
2703
2706
2707
2711
2715
2716
2731
2737
2742
2743
2744
2746
2747
2750
2755
2759
2762
2764
2765
2774
2775
2778
2780
2782
2784
2786
2788
2789
2790
2795
2796
2797
2799
2800
2801
2804
2805
2809
2813
2814
2817
2820
2821
2827
2828
2830
2832
2834
2835
2837
2842
2845
2852
2857
2858
2859
2861
2863
2864
2866
2867
2871
2872
2877
2878
2879
2888
2889
2890
2892
2895
2905
2910
2912
2916
2919
2920
2922
2926
2927
2928
2934
2935
2939
2943
2944
2947
2948
2951
2953
2954
2957
2965
2966
2967
2970
2972
2975
2977
2983
2984
2990
3003
3005
3007
3011
3013
3017
3020
3026
3027
3030
3031
3032
3034
3035
3036
3037
3038
3043
3047
3049
3053
3054
3059
3062
3063
3065
3068
3072
3074
3076
3083
3089
3097
3106
3109
3112
3116
3118
3120
3124
3125
3131
3136
3140
3143
3145
3152
3153
3158
3160
3163
3165
3166
3168
3169
3170
3174
3175
3176
3183
3188
3191
3192
3197
3198
3207
3217
3221
3224
3225
3226
3233
3240
3242
3249
3250
3254
3257
3271
3280
3282
3284
3285
3286
3287
3289
3292
3295
3301
3305
3306
3311
3312
3313
3321
3322
3324
3330
3333
3334
3336
3338
3340
3341
3346
3348
3349
3356
3358
3363
3364
3365
3366
3367
3371
3375
3378
3381
3382
3385
3386
3387
3388
3391
3393
3399
3400
3403
3407
3414
3415
3424
3427
3429
3434
3438
3441
3442
3443
3447
3453
3457
3464
3468
3474
3476
3480
3481
3485
3486
3488
3490
3491
3496
3498
3503
3505
3506
3511
3517
3523
3525
3527
3529
3531
3534
3535
3543
3546
3553
3554
3555
3556
3559
3564
3574
3575
3578
3584
3587
3592
3593
3595
3597
3600
3604
3612
3622
3624
3626
3629
3634
3636
3639
3640
3642
3648
3657
3658
3663
3666
3671
3672
3685
3687
3699
3701
3704
3705
3709
3711
3716
3717
3718
3727
3730
3732
3734
3741
3745
3747
3752
3763
3764
3770
3772
3775
3776
3780
3783
3789
3790
3792
3793
3797
3798
3800
3801
3802
3804
3809
3810
3817
3821
3830
3834
3835
3838
3840
3841
3843
3844
3846
3847
3848
3849
3850
3851
3852
3865
3867
3878
3879
3880
3881
3890
3899
3901
3902
3907
3912
3924
3925
3935
3938
3942
3944
3945
3946
3949
3952
3956
3964
3972
3973
3977
3978
3981
3982
3986
3987
3988
3990
3991
3996
