0.997328
0.996473
0.997328
0.996784
0.995617
0.996239
1.002383
0.995928
0.995695
0.995851
0.998106
0.999195
0.995773
0.998028
0.997173
0.996395
0.994606
0.995151
0.995462
0.998339
0.996862
0.996006
0.995151
0.994451
0.997173
0.997562
0.996084
0.999506
0.996317
0.996006
0.998650
0.998184
0.995073
0.996239
1.000906
0.996473
0.995462
0.995462
0.995695
0.996706
0.996006
0.997950
0.994995
0.995695
0.994451
0.998573
0.996162
0.997173
0.997406
0.995384
0.995851
0.996473
0.996317
0.996395
0.995695
0.995695
0.996162
0.997328
0.997250
0.996395
0.995384
0.999506
0.995306
0.995773
0.997095
0.996084
0.996239
0.994917
0.998495
0.995384
0.996628
0.996395
0.995773
0.994606
0.995228
0.996084
0.997873
0.995695
0.998417
0.995773
0.995073
0.995306
0.996239
0.995851
0.997484
0.996862
0.996239
0.995540
0.996317
0.997017
0.997717
0.995851
0.997484
0.996551
0.995384
0.996317
0.998184
0.994995
0.995928
0.995928
