-0.43974643321071305
0.043681431305625545
-0.4037301844461319
-0.10249630972860113
-0.09007684354798329
-0.3350526482576923
0.4893195411980207
-0.07549463826424456
-0.1255126697335476
0.6511541483540045
-0.016148761711305644
0.3811486552554855
-0.20892127314473455
-0.3438922854170212
-0.3499443762615537
-0.05446140009106214
0.5761409710909047
0.03155981560667061
-0.3452374537465939
0.019231411742137498
-0.030081048042133667
0.020420016131042027
0.18179250050705267
-0.09253679901142954
0.17218229833125576
0.2809907950344819
-0.3494638046817623
-0.2626483413179661
0.20572498381391158
-0.23848073340582
0.03387377826144323
0.18350394148516894
-0.011866523593722412
0.39170538888289164
-0.30587372661898543
0.2518242107897501
-0.40039423319624756
-0.2716503337406187
-0.08143108694652834
0.13355614205526656
0.4329548301104722
-0.5814835435131378
-0.29241803479476713
-0.23102722573119894
-0.9633383569355325
0.9037754311521126
0.44299487739076615
-0.15453324727124584
-0.09257533116598123
0.01774191742208154
0.05979042164958313
-0.20844558129393082
0.4061333719670246
0.19757940049819592
-0.20521252950325905
0.006054761555569908
-0.011132041960420572
0.028485240440837334
-0.03475658299589189
-0.3189782282265635
-0.2897422510580892
-0.25024189641733785
0.2111051542387504
0.1576398428258763
-0.07675924706159458
-0.11718409321111406
0.09497346312966135
0.11447524878523442
-0.67623714630283
-0.14126700197611947
0.10992849145134662
-0.2109210880700602
0.4161758489164098
0.09149157023489707
-0.0892283685817277
0.211532232727428
0.06273172590570672
0.028043197678561747
0.15797820971028576
-0.16847201262057718
-0.5112932890937546
0.4496082929847246
0.3636999779627256
-0.1339826335684929
0.060738323671219174
0.18939225041439162
-0.1704775142088938
0.2581217481864451
-0.06009468039549752
-0.165888860135847
0.3774497010017032
-0.24607619094423983
-0.261133466802627
0.40358381165910595
0.1782075471446205
-0.24411074363717866
-0.11375770766534402
-0.11976845061524433
0.14404216061126163
0.4686610271032036
0.37245390711678955
0.3625079665181772
-0.37628164562902
-0.4834492057467074
-0.48303379345810665
0.15973648634928578
-0.5116567849376296
0.0037786559895443095
0.31193137273882376
-0.3309120976620311
0.20203492034694948
0.32669841470676025
0.3440490254823832
0.4401024242038714
-0.29137558379863754
-0.665594403555645
0.18754749327291456
-0.24346734708902024
-0.08947878347824302
0.2215605858231699
0.289294394081531
0.4188516200461401
-0.07699449480419043
-0.33378839863005205
0.40237800001670637
-0.08710336843573321
0.11998148724159508
0.05738284161006769
0.22770212329593023
0.2844165243200823
-0.25668625445274335
0.528762130248485
-0.36395968810921464
-0.629110339795547
0.05911542791978193
0.16631767535383143
0.0048751467251647316
0.21868410417144357
0.12353734500437034
-0.083149901865281
0.21831354173877507
-0.010516163588815372
-0.192609385710276
0.11380118703480178
-0.6334513880411777
-0.3008091771545145
-0.027278437395396156
-0.16156074766938325
0.19329503722889496
0.007432733944419511
0.2965578267987257
-0.12297195117529035
-0.11417496457662511
0.5901107703743906
0.18398680591528732
0.031186440651359327
-0.2821201911555023
0.17731832913625967
0.25181514027672947
-0.16201895152498938
0.04336877191985442
0.12273554414969177
-0.3404638790749388
-0.1004544986719386
0.03653657407036627
-0.22834381989054253
0.3962427630280284
0.5529879534749956
-0.0979295589103216
-0.06403957156604953
0.34616814132850043
-0.19153010951464608
0.0033663709886493608
0.20407832747795318
-0.35541118346760486
-0.21174036137669983
-0.3355146823225851
-0.6144850856048529
-0.010182049026965883
-0.6411393228571329
-0.5847770068965089
0.6171873743279608
-0.06582806819223969
-0.3531363316022592
0.2874885139993372
0.0800254762734687
0.26011567399676183
-0.11546891072212354
0.09088844102457672
-0.19680852267724913
0.038584563140022565
-0.47113378203614814
0.1952921463047587
0.3843428873312665
0.289429754346728
0.03359185090126615
-0.11148860932493468
-0.1915991500519827
0.09289904279331163
0.4601687662199663
0.0938678550891751
-0.11072220837276944
0.1759129191583535
0.06285314682625864
0.16531691859965622
-0.20494502267693668
0.06370035323635814
-0.05585151942871572
-0.27100881531559606
-0.48342192348209573
0.4300789732372305
-0.028284708841120675
0.059593235486016666
-0.15928963854279776
0.32401514666748177
0.16870273081618697
-0.657697464256031
0.17441404623174078
-0.5303191866228956
-0.7737363611694564
0.9260974745513108
0.05579011661553198
-0.7518164753635111
-0.0010065860529940573
-0.12135090029666976
-0.030243139637546403
-0.1855746820680061
0.11148459504506789
0.2707691973529463
0.01909157257458205
0.5837853646898152
0.11006036975939786
0.2125885134502542
0.4186267732654529
0.02104287907237268
-0.009211405706679205
0.013738885508176493
0.23268626447829335
0.44759032187276376
0.2789444313424764
-0.4178661549372402
0.023320173449173986
0.12176027769776851
-0.06312008221182959
0.3810329579836332
-0.010758891014500893
-0.30351443778355885
-0.064645182994639
0.028433491910231812
-0.24350971671713434
-0.05304264612089609
0.06421413744413663
-0.0513965329652758
0.4926793560981669
0.010925801611085976
0.22868933882494102
0.06639049554179689
-0.44662068858854503
0.1534066559855335
0.0768229683470337
-0.520519273936319
-0.18565020597694146
0.17885015328446013
-0.08292412738944147
-0.1615229412852896
-0.3770162310227563
0.27368767154126006
-0.001104258928739308
-0.07060932618023724
0.17206448072138913
0.2503653156168201
0.43468960737686596
-0.020074644253289184
-0.03278942087873236
0.6047607386929158
0.061562299818290214
-0.09766391840559839
0.4539208521359928
-0.007791023830681271
0.3469781768649629
0.08789468442160683
0.1618766156213894
0.09159747906340343
-0.5733881931246888
0.13402126993197258
-0.44277232039766296
0.18053320203160753
0.008183546367768215
-0.4416050832915485
0.2236794192893734
-0.3374847715435113
-0.23799818778598256
0.05195572396468031
-0.4458214217831086
0.15440537980009364
0.05628192468044568
-0.058741889376991985
-0.23414920145479662
-0.005039178465890354
0.2166271047327779
-0.08875544613284375
-0.13472561902714858
0.2394551063454903
0.013232809373132969
-0.4366304751382184
-0.2725049416267724
0.3455813056820969
-0.4644821270611096
-0.018884229148046376
0.12610600684706655
0.08367695326081026
-0.02611879710905676
-0.15652817579454348
0.49869516271295733
0.07967878796924105
-0.6844376124739652
0.4311592456841134
0.3179659305016376
-0.05369487053422294
0.32880187110120573
0.10447886216902771
-0.15073062395290207
-0.2416070641528875
-0.6680930342813182
0.19374219418568187
0.07529885442103941
0.007765095135930737
-0.09790040609556927
-0.1495371953910721
-0.17945092503706395
0.07766771427470145
-0.4071059597580753
0.0005145367419469343
-0.375942245247285
-0.06892014825140712
-0.10749841974641568
-0.1709208017301976
0.4077373743387881
-0.10596178070025739
0.14129063788612525
0.34767617528469896
-0.3980886046410661
-0.15231726208413068
0.2769174568264148
-0.11872303049290579
-0.475657476434744
0.07042059333506481
-0.1308448365708548
-0.4976480168340458
-0.014989147942358547
-0.019053346766025624
0.5801853783974114
0.1866940332066485
-0.10111507771928253
0.5903089109347132
0.04614471258634873
-0.6928494892837549
0.26896859298603354
0.19474172822879982
-0.20298025310797865
-0.06464860548976743
-0.23569628546711402
0.2188994536460096
-0.20688375382551133
-0.25780248389693067
-0.008613201030998142
-0.24845363763984854
-0.248975323763474
0.28241860310159767
-0.200719115985133
-0.17209794802540399
0.3121981714332319
-0.3760799787199562
-0.28248900306182734
-0.09519493006205935
0.429395836312969
-0.4393882383349149
0.37535339238900206
0.18688606124435286
-0.780071394394669
0.21102787695032005
0.14160997140691123
0.21257560913097606
0.4836423955622668
0.3307530625564852
0.5573717713817213
-0.08842089993826306
-0.11647161620619159
0.12280996731795295
-0.27250497940176605
0.14116720647211048
-0.09425505948091831
0.18807159209112545
-0.3233003347571407
-0.13152695195663835
0.09631488449965814
-0.2687652371153016
0.3115444392815169
0.18074788687237517
0.5327097878796389
0.32478701434483415
0.5532573042325166
0.45116914487528514
-0.501706286274718
0.09710573166063818
0.22052756677615223
-0.3153476053055574
0.09702896726699804
0.3334097904439608
-0.42729878189215514
-0.15813487290297978
-0.0700235284587072
-0.4670685100039037
-0.03798398438640523
0.2909820128899543
-0.004150788236517305
-0.006931316674913591
0.020395114415890137
0.20914751127454073
-0.23956334080504935
-0.09090357247389566
-0.10599324771906574
0.3763625082934956
-0.07141824626404247
-0.044452377705209614
0.15769822790858845
-0.10072970466063466
-0.3219416744685567
0.1771230719502052
0.22692969743075822
-0.03065396424459138
0.2543377188857203
0.22474900839681344
-0.0069636432704703825
-0.24957054708021376
0.2004558809313518
-0.11698011756491827
-0.37948289999641766
0.35546765771123984
-0.17089522412989236
-0.158914560832814
0.22988886985280899
-0.09111191523139374
-0.6200382219193614
0.4353610581646279
0.3996464769770149
0.23742351057169217
-0.20612136878724036
-0.44600887242756543
-0.07548704831291864
-0.3085200900982038
-0.1980370039058362
0.13250547405320734
-0.20261687914504745
-0.22811413797636074
0.4973144922550794
0.0416718390498558
-0.38092497049866925
0.375688444153088
0.2982899633859113
0.43054099544095864
-0.1774837067496825
0.22070325521319883
0.15736689830296113
0.13471049270943652
-0.06290108895005031
0.2384666655613006
0.4369894842638766
-0.4655016606073874
-0.17017755708650753
-0.09513205773654966
0.07463852328699463
-0.42699453421129985
0.3028851205220676
0.10069065021623756
-0.34658966092393123
0.010377995276124548
0.19365564252489362
0.0020894211907000124
0.2847538931122737
0.14277678438651825
0.3181440078379375
-0.39605577792449886
-0.1338067034197552
0.4063231695635386
-0.3653938831084087
-0.20051097153561184
0.2053481138047195
-0.015157214603028678
0.0822291112290749
0.12388094223165452
0.09944665409571728
-0.17587114919971517
-0.192664334614512
-0.54945309324699
0.19985398817605743
0.08926831652856837
-0.10425375188907286
0.10555601609768835
-0.5236783038749665
-0.4182743431315141
0.37038385391926654
0.008668997940064586
0.3462464437486417
0.3618865299277793
-0.5229101209749853
0.08571738361023162
0.3943873379076381
-0.023217982511744353
0.5023532450674002
-0.19214171800289323
-0.15887878045926151
-0.38779657033057485
0.1194526870143498
0.4732133543881949
-0.4233409941340553
0.016914952358266646
-0.16590954330965008
0.36477715311653436
-0.36004588934894466
-0.16297579824775685
0.704806539994743
-0.25300192967559165
0.1750599037878099
0.4086117715785157
-0.022157195315326214
-0.5188812081828617
-0.14016249035257747
0.4904069104040253
-0.4408473830058406
-0.213516840256309
0.13206626910738833
-0.25115889857155166
0.40740309117218304
0.01592508288375053
-0.29023231912817926
0.5523685708490931
0.0012219744297848247
0.11978409636759027
-0.1703605095094315
-0.31146273095459887
0.045671377288363436
-0.10367036466052024
-0.22468377189336416
0.37274000866000107
0.42624788514467515
-0.48665550510654665
0.30395592166824914
0.4053395667997324
-0.17142929493601922
-0.08536246509894416
0.2570577622406535
0.48796902460533165
-0.3544756751317467
-0.0006084661702439754
0.027453144970116083
0.3263971060470089
-0.9828373001677414
0.11724561220246281
0.1385151829546303
-0.5290947808341521
-0.11262827615041468
0.06341864869904229
-0.15345067398206486
0.24388344348896368
0.6705342375851033
0.07334008834400461
-0.06993905538950357
-0.11638607411685789
-0.03374408446400588
-0.09401103043602332
-0.01203170583642849
-0.0465037874850561
0.11458106911871702
0.37355731441678963
0.11148402187032427
-0.016703768089388952
0.0522263492031131
0.3799829823123916
-0.4856532797464418
0.32826609383470506
0.21603623976472652
-0.6976063878079373
0.28356096081083537
0.31388806741521935
-0.21152579232115842
-0.22487607833876158
0.08642607811006062
0.21915051482292752
0.13784895607648243
-0.25965717804161914
0.5304733171929118
0.27032757111367645
-0.2531006753551424
-0.11193906320538412
-0.17006793335244066
0.10589237965483073
-0.5521110277700778
0.2937995543322743
0.20131441267718142
0.19590518378887498
0.04017867167579836
-0.06773766724739921
0.099065702789262
-0.490872985791956
-0.43444047818686365
0.3533752662803994
0.054252852686570166
-0.20760466396393273
0.2604275378629338
0.1776637975923185
-0.6231727726233642
0.04577960905925444
-0.36436376787327995
-0.49793841736976907
0.09525295579628246
0.1482571327211027
0.2430901327624589
-0.12134059081149012
0.03215927633992492
-0.06446525685595487
0.3050811550147016
-0.333473745666749
0.0289834603778065
0.29848081227465445
0.1648431436452139
0.16444997352017215
-0.31174713865490905
0.12845146241782432
0.06955192262813521
0.1838083078949696
-0.2169926721995095
-0.029974870654430743
0.47058074891538193
-0.11168011154065918
0.1064915018819568
-0.06222610816318022
-0.24401769749135963
0.4883107337317632
-0.12840415972335048
-0.07760187334366055
-0.10810967533540415
-0.2902752693765825
0.21315460054783197
-0.40055796320854703
0.3224735953142426
-0.06348127812446822
0.14871670911397408
-0.07964509582263425
-0.5985825403908387
-0.5325363118933906
0.268618382831551
1.1333055877757225
-0.5225691311991557
-0.19957229491951958
0.7486632348645336
-0.16073975075193805
-0.5711234057917519
-0.26835457828385967
-0.03464281319724106
-0.1926522193332993
0.44052468902026976
0.2556395922709482
-0.4265022673294592
-0.033411845938983505
-0.05264349503464343
0.17976557403209176
0.3256723392322314
0.6389749530236604
-0.1936708438761648
-0.5804454467203806
-0.2405958734404367
-0.12524788304629209
-0.38717884140334274
-0.17843939146227836
-0.08685235050528223
0.10423612052888007
-0.2277313468633672
-0.07263228720804071
0.07548590504143224
-0.08950194041287642
0.034358927869641356
-0.18986804922701556
0.06681570636642009
0.09257696101274336
0.013827810391299315
-0.015855285526046266
0.18016720396796995
-0.21543432652414526
-0.5578852482152589
0.13439928107896656
-0.47211209907426094
0.0685284190764437
-0.3531068441905517
0.2574456312207913
0.2604456916554854
0.026796242558483275
0.17169137780662946
-0.36397321207104905
0.12634292041255382
0.19092339629797894
0.40139128675238034
-0.2355677370564576
-0.12102735757456828
0.5683243159162821
-0.4267535622155514
-0.07718591290734957
0.6282440729898106
-0.11628814791315431
0.20540721570508969
0.36403730090283926
-0.3019689683101605
0.28992793109021625
-0.33424985280203506
0.38175156571883123
0.22648627779555464
0.23835625696153737
-0.021742347298307967
-0.2590447646366843
-0.05171944504900339
-0.2010732527194377
0.05134523723649676
-0.024283016544464513
-0.1745331498818102
0.43867859703672396
-0.08096667452860062
0.46743619022028965
-0.34720647157796
-0.20899276712914655
0.28155974836319253
-0.4297029988780219
-0.5668147640318248
0.202285466581246
-0.5242543837073488
0.34139696635425715
0.48023377783792015
-0.5340588476117343
0.09464114693093649
-0.061950646131340575
0.10071619768924936
0.3313539004371398
0.179358521723778
-0.019479359184588478
0.15370270265713218
-0.12413861005752069
-0.10921400840677634
0.3929912495291796
-0.3118148043867891
0.22368547773849107
0.05841740666576089
-0.17540830756353293
-0.10140798310049019
-0.1287099395018896
0.1204750152233934
-0.12362622033875376
-0.03574574950910671
0.015078320356189515
0.03145290052868284
-0.10030261228218941
-0.11184412880505858
0.08896242360077165
-0.15811291983367268
-0.01803270738663399
0.5015243714139511
0.13680195691404834
0.20127566566144436
-0.04402047308769273
-0.34898176904553185
0.060013994589840525
0.2437698394002218
-0.038642871868961856
-0.1438509529744395
0.4179378990406732
-0.39799244555464025
0.15787823200267628
-0.04406280390132465
-0.012983237146987538
0.28988374383151255
-0.048189384313425544
0.6048477567242058
-0.4821026101518525
-0.39637470574590866
0.5231507572350004
0.14897147989716417
-0.04755763545898389
0.16659932666972474
0.694681780268855
-0.2772604891901958
-0.07236759067069058
0.08330050335271091
-0.10321027752541034
-0.16377843991535185
0.2916068179059882
-0.38417201983626603
-0.29334821184551996
0.2086235436105835
0.015799405556806912
0.10235514093539252
-0.36532223370933836
-0.13286416328333003
-0.04626438173039024
0.025420988651028216
0.18594983430942527
0.2425293639291602
0.37106496144905804
0.11368694367654814
-0.2295034622051525
0.024695976860671917
0.13176302097560777
-0.9258667383622059
-0.22512048691074144
-0.10865770786430987
-0.4715414800082449
0.34891638986800166
-0.09627458478575468
0.42040713051502393
0.15355959439368427
-0.3427410152729981
0.11180908736685138
0.21561438717190168
-0.09992137205070037
-0.16805695382098035
-0.0167872513008293
-0.15684046058118553
-0.2116846492761047
0.029825208739158
0.3428908636232074
0.15319299691589153
0.34578004929131323
-0.2499734782363189
-0.12275304114643969
0.387391575412772
-0.42888378492471857
0.03611825865206195
0.08183563518907602
-0.32049574548245974
0.2545652398296101
0.20610977294063712
-0.41346911863884483
-0.46916583862905575
0.22721273932228336
-0.12214112097226658
-0.07798265228358212
-0.0988632997356958
0.5910521597882198
0.4729833881141658
-0.048376209008566845
-0.5519275991087782
0.2606800708716136
0.45245599655431423
0.10695355523307176
0.07046003811710659
-0.050815486811484276
-0.2291597914342308
-0.3645778015297076
0.16543359813203856
-0.2238601061304516
-0.06248728763573796
-0.3333498827924447
-0.3554708866533828
-0.14904697921222332
0.34068871534572676
-0.016377869510103883
0.1425976359473314
-0.3249115932104677
0.22655870229927294
0.06731160213661512
0.20453714694390604
0.7156030675469948
-0.14405878969853
0.013551536042633814
-0.37133552086304733
-0.11389908418392233
-0.3226851079567326
-0.41216008295786605
0.004589784627115264
-0.343793062775221
-0.03681512338362948
0.4697993666378427
0.35427756516144066
-0.07251562589278492
0.020334473208205944
-0.17834914685151615
-0.36124866498044933
-0.033339928173540576
-0.27602223967522604
0.3023523270115763
0.2681313392772822
0.2884648067108134
-0.22577718117959406
-0.08966209110556027
0.002218841324882856
-0.48102572692962925
-0.09901820800202882
0.4649874220795845
0.3320973171784132
0.17839845527098072
-0.3219333997912276
0.11706635298453807
-0.22403043407590525
0.07485187381368585
-0.15137177904289204
-0.37341313480281624
0.3325769779925845
0.4397028695754964
-0.2482084902491256
0.3212198035281901
0.1362890988774293
0.01964334809800592
-0.031697316878323376
-0.2969080882817705
0.14661709634729891
0.0014434757948185994
-0.13468844068012994
0.31543625272760656
-0.008389940265207303
-0.003982230076984759
-0.467514838730287
0.1944356601435718
0.41737571917496624
0.17824190259080086
-0.6074277361000696
-0.23318198729964523
0.3743141031470853
-2.456407420177789e-05
0.15249456169465464
0.7014338001234414
-0.40495582588327805
0.3051730497284657
-0.29739419382322074
0.0004889087001156943
0.5111296674616196
-0.32866643626363323
0.20688519772698677
0.23321959753103977
-0.3398637414191301
0.0871326687117905
0.08095911503996167
-0.22858065703248404
-0.31576542571532
0.18826813162901077
-0.21779984213295672
-0.2203584718230051
-0.3982300731069702
0.38863516867019
-0.4795814841470803
-0.7188533112307627
0.5651974213886362
0.39494443601395063
0.2942329692010899
0.6678128473826277
0.026380441101374552
0.08597841592881783
-0.16274993285577927
-0.1692674978038163
-0.18475208347607117
0.08985267657273116
-0.1539088396897233
-0.3646512779066501
0.4499864374903493
-0.3738294217715735
0.3832289852498565
0.08006511478284425
-0.1007155847711802
-0.050132137514518116
-0.047194789457186095
0.01326999880441419
-0.10256472119294122
-0.11124823360234273
0.26789770171155164
-0.16588472707221857
0.15664120508911805
-0.15453843032540437
0.23842298460227077
0.23482182538494617
0.11458396464296568
0.4175070336729271
-0.43630305403815106
-0.33164678707279255
0.2355606377886736
0.3289126149264834
-0.3809042397140087
0.5649577678719746
0.17360527172486642
-0.015220535308451983
0.11482446618205343
0.2167969121624497
0.19340040223812732
-0.22140557646868753
-0.12439486007064127
0.43489300449829105
-0.3857354443865498
-0.26205328554339175
-0.6082175499892073
-0.3507404366211594
0.5015489604772748
-0.055267044004431165
0.19767370288160185
0.6607579896036532
-0.5747417866169922
0.31061777301527144
0.03655792214478751
0.2446006227902668
-0.23553877728699002
-0.43456902056464136
0.7055906731773274
-0.04554882777667675
-0.30196556013624154
-0.2289569188639119
-0.4214909509242957
0.18710024958707636
0.3249547691253501
-0.23789786838759652
0.015313301503751594
0.11489212873857721
0.17280183036662922
-0.3130053936217925
-0.20899699758792256
0.41959402914031835
-0.11116757237253294
-0.17434245393724493
-0.5592840828084719
0.7263314791874633
0.17730190934154103
-0.5026815481183123
-0.14955283324510327
0.0812972224123272
0.23954175821216692
0.11462914511893833
-0.475578549448732
0.12084702757464608
0.22500371382412593
-0.10390172165855266
0.365701657072619
0.02018711423875781
0.08111969587556982
0.46333184903402097
-0.22341993222373896
0.12452244064281615
-0.2966600765615734
0.1298641592227716
0.21097079846844802
-0.17813834942355172
0.42098832287836546
-0.6274122108565265
-0.42661733333689417
-0.3802074811456781
0.08200113031827093
0.36099549253728197
-0.2966328557766699
0.18620316447859608
0.29293753298110337
-0.1099848558675798
-0.043597051727321715
0.14189310895479823
0.37782881683981656
0.1298600006359392
0.6839864161663762
0.0010543657620785268
-0.38972053700594855
-0.5830856118994169
-0.3535848161688237
0.3094920601711906
-0.0008060644900273802
0.549151974137843
0.44579773817878654
-0.10756521541407497
-0.23040295730867005
-0.718201753626835
-0.1165332893331607
-0.3630719240231596
-0.4763316450072612
0.6268110571602038
0.09268459432561413
-0.37868698941102086
0.15178279604221673
-0.05322556726171998
0.014310868003507832
-0.021651322275071598
-0.37144290807776104
-0.0914017616140482
-0.2232109985185038
-0.13695492343313695
0.2476450711799278
0.3873670536467029
-0.0499138977596251
0.6793726462669631
0.17887987913444903
-0.4738544304509631
-0.24537871127737187
-0.32111344411557297
-0.12394495115683092
0.41994840723708193
-0.06378401643632388
-0.009711817870476733
-0.10130682283159201
-0.030638951694326372
-0.14636722560246068
0.29488934807074685
0.263276863811998
0.22030525423430364
0.14299945511026838
-0.45115013366490475
-0.23727528722737404
0.11804107594621614
-0.3060094786781202
0.3677176096893632
-0.0897832198776504
-0.04944521502307905
0.35756275208004124
-0.5084664694548225
0.15113722654987782
-0.3191130094812429
-0.12652017841061494
1.0785594462652597
-0.5255207689951711
-0.009103719185055191
0.019320652433511828
-0.3945046864488588
0.20959741429365877
0.5921475660107552
-0.014707229289431075
-0.1612180837523501
0.09468086916147297
-0.609229650420446
0.01180310827622482
0.0045349799050254935
0.09932423903105501
-0.13915333556485798
0.06973747945611714
0.12873774290590673
-0.11730013483832392
-0.3350726009220533
-0.122295614905972
0.2676905153222108
-0.354504055238945
-0.07837671308537782
-0.018474169824105664
0.25319422572608513
0.10641583530772744
-0.1001280125179291
0.3407324576504698
0.19460991257496899
-0.3209942754784567
0.0976613971222412
-0.24163414012401602
-0.03503796206645554
0.15195674126439804
0.08472454214167585
-0.52352781201428
-0.3662140645873531
0.46167908430990223
-0.06837825278827978
-0.010577012272002053
-0.09839616922192364
-0.0767214515835593
0.12233802411964578
0.3417753574783839
-0.29253916329360197
-0.3002435322373015
0.5463851478784887
0.048916782874320656
-0.0703741840483
-0.7041342183209298
0.3434442812180935
0.6875967684120842
0.012184376272326332
-0.46851009008936584
0.20641096711348156
0.32987912435758643
0.21160748957518957
-0.05779059498959139
-0.011668608645428806
0.04050063737696012
-0.038874709362287756
-0.5020769319099256
0.14227576772641595
0.2677571107944596
0.3088669418709738
-0.5179075011382559
-0.4746296468340647
-0.1647296660865537
0.3971847830987693
-0.003514914969632847
0.10683033682509427
-0.6519398540886784
0.4741174980676232
0.22048871183921118
0.24002185580130675
0.35985651853962214
-0.02551265428724036
-0.47071458879633105
-0.080739941914868
0.00560590631806299
0.07212866895477273
-0.21251473130984352
0.07601363569658312
0.6809580841354199
-0.4231144044359362
-0.05704563956462069
0.3817162490312775
-0.5733808053514114
0.048004161907612565
0.1601098839258504
-0.033674565918369925
0.11587910819793329
0.45029553815686724
-0.151517830476259
0.3047906307514964
-0.11132886326368216
-0.024063242106434807
-0.257493682590008
0.049586401426435306
0.0697236843109917
-0.25590934580927455
-0.5182085964184913
0.36821747987395037
0.0004928979984842423
-0.08063423957556745
0.5606671538409917
0.027379113252342036
0.10901121625077301
-0.12293814595649508
-0.22171758720410098
0.2329729826686978
0.15639648607057605
-0.3854917825859211
-0.15225055868604048
0.7241429927789532
0.01510367339593206
0.09342658698340293
0.1979090365411273
-0.3830575425847237
-0.07017529620574509
0.3134430009834296
-0.5676899443023705
0.045664717339798676
0.2379801659475937
-0.5815754091080689
-0.0037160350085805455
0.4864651291112728
0.3903515229552858
-0.3158959812906533
-0.07989761102396525
0.006379098685252035
0.5159267112077196
-0.04474285081233407
0.12411384994726879
0.31556993310764675
-0.0638421458396999
-0.011476398719101975
-0.1099864910219172
0.26172634599052164
-0.2062166927095908
-0.02696581541848287
-0.18397305118340393
0.6382717701956493
0.42690517775892645
0.4237845231554355
-0.09814927086206093
-0.12065629266762586
-0.31314922960731656
-0.6307101048332364
-0.1486528570662467
0.10707843903022149
0.1879630719936892
0.1582602956809121
0.1493622959981707
0.2892033458639175
0.01710011392370442
0.2867871710064808
-0.35729351051168273
-0.42602212896203373
0.0650589232028922
0.11858209967279337
0.014166863336293058
0.036993909111098976
0.5610084952832475
0.10527475608438852
-0.8355455488992305
-0.0895951906187345
-0.30642689500130055
0.20929128347472392
0.05982218558900518
0.2109081189660699
-0.16837422859259504
-0.649652243667541
0.11560619141261866
-0.2175860050010003
0.5358421285192023
-0.20936094433975558
-0.09007116607243688
-0.23905546786249904
0.40615719966658037
0.18526315943488242
0.001352056892858609
0.10658282771594951
-0.6242247174649072
0.33977409479214926
0.2923347672739572
-0.6876183138310408
0.4070973392617181
-0.09773943455514436
-0.7920204462847994
0.21743034029631078
0.12552083464832675
0.06662410508547353
-0.013629640450641656
0.3495206246343193
-0.172481334195927
0.4328167836834585
-0.2683666425206806
-0.5146412980892979
0.40449440885605503
-0.22170825598175878
0.018676916352240322
0.12099551364938824
0.2968734105225747
-0.1548984061169973
0.052074111515388766
0.11894495122822935
-0.6039360423671922
0.10694662256004014
-0.1969836911545163
0.11141740378959519
0.012227195036953204
0.021650466215911872
0.1924846298697126
-0.020204351013164687
-0.22329401672015547
0.19160096075990776
1.255232209033258e-05
0.13787573971762834
0.32822833276227464
-0.0256156600606256
-0.47798054715790533
-0.5382688749192811
0.12339913970988375
0.018548924002734286
0.07496449880618032
0.2235580471130428
0.29975516142989506
-0.39238282044265205
-0.197997742616456
0.7324589008094295
-0.4746894266190697
-0.012993671305671025
0.26300338595972955
-0.08793062021206537
-0.5119749483102239
-0.18241899471002332
-0.6226228554715962
0.2802315394415403
-0.01341302745407532
0.5244864637306246
0.4773664960162722
0.5491856497042443
-0.14953618727313103
0.03962237159090789
-0.34428176882088546
-0.7171517289452454
-0.043658112418643716
-0.46455676847639094
0.25015832838549684
0.2451386283783029
-0.08149063421050012
0.4001793861972567
-0.15852209270322584
0.19107597517779967
0.3342373219719912
-0.18123966426535137
0.11839331021427635
0.1269195233787809
-0.044932393895263614
0.2086385306787522
-0.41681654528016776
-0.3749277908980871
0.05404175236265399
0.4514616392733725
0.13334361668538613
0.10772756690174713
0.11464994160278358
0.2507442039546734
-0.117353949866243
-0.31836337665722864
-0.23496544941647027
-0.07149022208153909
0.5410656839261346
-0.12274873417466088
-0.48344644690344873
0.40278095798362357
-0.5582469360922256
0.09397948699279621
0.18344930105205523
-0.06547173691703594
0.45557015759158365
0.03713226583846076
-0.4382947205638748
-0.23875720002652728
0.1271762965380932
0.17028947871333733
-0.002367728422801408
0.1803545194129203
-0.009748968737731399
-0.145082114835174
0.0774514341044456
-0.43961213196548654
0.012329004239966915
0.3322718167027874
-0.22920499971109923
0.2041097816907262
0.6950086539227015
-0.41848223085561176
0.03101174573657855
-0.2312264981508046
-0.39326605560203426
0.1444580758277309
-0.14360411541111912
0.400407125637723
-0.4386045483468115
-0.13891158542510196
0.07550582251296334
-0.4752549297610934
0.007591748550886311
0.49955773355522654
-0.25274525804835823
-0.12742183978552699
0.6259992969973792
0.14668523798833813
0.05824257730942573
0.1796248334300705
-0.23630579398199159
-0.17382645950787018
-0.09767858468535515
0.303650719183482
0.22629377138369858
0.4892415714430367
-0.1067943201278546
-0.5658869383095142
-0.20801952529883622
0.21865790646643546
-0.45767305680313697
0.44170931495872473
0.010764431525029167
-0.46922889091473263
0.08999160744226961
0.24345323302477231
0.13954168998195696
0.16006725061086918
-0.7846282618384641
-0.08256190664988769
-0.5287143572437067
0.6407228798904516
-0.01873895539229318
0.18259366804854915
0.06296521905260907
-0.10062976004751067
0.07380665774646084
-0.2127144580324804
0.21088288972568145
0.2637311679036199
0.0765052292692108
-0.5488286346476275
-0.4604733341963308
0.07632877567311389
-0.2048770912593879
-0.023755505355043404
-0.2998861204404249
0.2877416817770904
0.276207468581851
0.2211655561616379
0.455699140135364
-0.6364338933097518
0.08559870846745378
0.1326840597922858
-0.3037592580811305
-0.13955911864784398
-0.2587125212317235
0.08787109975546133
0.18204667918117926
0.01909967690810197
0.10403086201055921
0.3795138451089237
-0.008395148461751331
-0.278346260822185
-0.738505789535877
0.289527419981767
0.3637578879775419
0.22895682151019703
0.0994290673702564
0.013639205970100855
-0.22805976977741424
0.028836862179096163
-0.30082706928546543
0.12553357193929776
0.11545762395008521
-0.03898534795758145
-0.018882934287496083
-0.44233611971331904
-0.23464092717582644
0.17754829601759098
0.19201348984114264
0.5994452928800516
-0.0711702175046622
-0.273153965576325
-0.2112144113931248
-0.0943648951925872
0.19047300500018738
-0.5450220264893731
0.17658560654481065
0.14124764330718986
0.1439266698431362
-0.570475680987283
0.053482978106422815
0.40097904124214045
-0.3881664516719208
0.5362335153259663
-0.2806417053460929
0.21734190931565037
0.6144206380914812
-0.13998556517880706
-0.3414538662254575
-0.26441290877410967
-0.7119756007750923
0.1194434735775298
0.08596348600066273
-0.40080487352382477
0.04663500700287631
0.535743670193555
-0.11381663079499507
-0.22062713471419254
-0.31625657687844616
-0.3778300038411235
0.47739860968288844
-0.0036530475020933872
0.49031173624181207
-0.32602302056258436
0.11397037586899075
0.0954304340078676
-0.016219646091012244
0.49253255762492093
0.10908791164336502
-0.18704830886871224
0.35920918470654156
-0.3843265584403217
0.16611842069615504
-0.009921004112485358
0.18845624399517316
0.2667891510293073
0.06159868405907188
-0.21892647343970925
-0.49766145564240183
0.347253243523316
-0.3070539873008457
-0.22033302212756442
0.0945247533992204
-0.012457689494165257
0.3205760534950034
-0.015512100813609313
0.10769164115457817
-0.26048889560272365
0.14068396545406436
0.20409911153062998
-0.3388626463369954
-0.3035182607033624
0.2929887082511941
0.5086016303082214
0.13104071342274665
-0.1510447552262716
-0.06685585312902874
-0.34566430566091627
0.13086830654028822
-0.09297424411399918
0.1890156168673271
0.3427528712885783
-0.30945405831784994
0.18089327879897146
-0.34270453541877954
0.5568233996135526
-0.15213130532517885
-0.4169378318752562
-0.1274681810571505
-0.3656667579458116
0.44912068623707435
0.2794613522210623
-0.2674179768485661
-0.3378225566773548
0.2209539762244749
-0.028097414118796245
0.3622868598697755
-0.23259998021819356
-0.1462343179073803
0.23714915761936378
0.031115387508475145
0.3427225986886363
-0.12114212844167521
-0.6636852514119648
0.1430784878665752
-0.05089383185461532
-0.08033125940118747
-0.19124419521591957
0.2309502035117915
0.027866075516549717
-0.06697418407700677
0.4089761586461255
0.16387447134701494
-0.4037394216260846
0.004083152174273151
0.17377181997646532
-0.1701939193816533
0.3888938932184335
-0.02693071612661592
-0.20925613305845187
0.03351026159519439
0.15203578312677457
-0.1043059711851282
-0.3395189750031274
0.3662630559719157
0.2397179906728676
0.1644615380683277
0.0738570715316148
0.02713532142231026
-0.14866364760621562
0.15587627646281949
0.22228096065279845
-0.02841365758234326
0.10670138960052095
-0.04987463292520416
-0.35417681947605273
0.18824884051363253
-0.3188940215692576
0.32973964592996197
0.022528857686711326
-0.0004256105816142462
0.00711883861364427
-0.005863978567969767
0.059478654891176895
-0.008686675402047914
-0.3417405629831033
0.23635213427595006
-0.0866911674892687
-0.1404346798660174
0.06863100467154595
-0.0333367320530851
0.02609319655666916
0.18584784751251157
-0.23850124388191077
0.32083205220120975
0.5566288223620472
-0.05037069169579654
-0.13653185910716065
-0.44203439420592805
-0.47332021684972203
-0.016615944028290537
0.2536050546747851
0.338248959556705
-0.7024647377572184
0.26118031889024695
-0.13510195404768713
0.06543921641157896
-0.10198576039998511
0.41485691025146954
0.2933837631446208
-0.2879018435596574
-0.2640892782332838
-0.1196099073282634
0.131872117728894
0.28853577463726326
-0.7095330333994236
0.2113781139721351
0.018660066602179955
-0.3429602888304208
0.6200488419855839
-0.07966574476298115
0.03488752380859586
0.3010137099917614
-0.5043976078564775
-0.07652292044659789
-0.3349338135902302
0.39530246467346714
0.037692725070826764
0.10741839828885429
0.4572852186288522
-0.6003698642535911
-0.2609330542371684
-0.2763616158702685
0.16564284391844478
-0.011548036309071894
-0.012771320960246428
0.41238625352184205
0.01998594875639628
-0.4035982518374135
-0.17529869079828223
-0.02905159342050256
0.0643751248766262
0.6551192175635857
-0.06524302278195174
-0.009335561839059914
0.005585979188797701
-0.34763076268432497
0.00012078735872283683
0.7371745610642186
0.2726163408389502
-0.18272635013739236
0.3591032737212724
-0.2716804566242619
-0.46771405289788837
0.5348392017535548
-0.03297060184264125
0.18055007439714357
-0.643941945977313
0.02915325579907263
0.09300017296048167
-0.2523175348346904
0.06923288747065902
-0.0658199568341491
-0.23486602298667808
-0.14378530889450616
-0.3553006499503484
-0.4408784823415935
0.10388010883915672
0.3831716946707387
0.03434165649807404
0.03005196413336708
0.3095972092919826
-0.08137983881549059
-0.1616947371612819
0.478109829408799
-0.43993012935495834
-0.30266854048471303
0.2396504324128667
0.2789829303913213
0.09243710304359302
-0.07273591253014322
0.1444051718473598
0.18015252286949282
-0.06392873287754634
-0.34391266463852677
-0.19408886075449075
0.29013289725441777
-0.06071784090179508
0.2638669648793798
-0.19421757859029817
0.033926550182840666
0.5964601132921181
-0.22883760170572032
-0.1296417731183153
-0.2955231976353869
0.10723940856872455
0.4084717043008241
0.14445929023854373
0.3779396959999727
-0.6406650547502355
-0.09648921645888452
-0.13786312346694868
0.13340351109635093
0.4797822373406627
0.6796756615123735
0.002316872330155423
-0.4554846438374178
-0.8691275561132773
0.16829196570639968
0.11169290471675708
0.10280005525667858
0.0280815543986795
-0.040313990924678904
-0.21462836084913842
0.3410613043346449
0.2099811718614083
0.18329191083027893
-0.0799820881746459
-0.15513348050663023
-0.18645863296677184
0.23878827165586874
-0.12291031326906869
0.4411636350350614
0.24726399167427887
-0.19949593697602458
-0.28835392888536093
0.47665606778990444
0.12016993475878568
-0.3524236260491799
0.17431433799122711
0.08138737878354811
0.12351640476881015
-0.45221769371973936
-0.27326343737070874
0.08651167314622857
0.3682123868458194
0.03131762005460526
0.1661565834584841
-0.08999160330537871
-0.33665408569338157
0.01772155717504545
-0.6363605197595797
-0.14776403898423732
0.16520350641689868
-0.3029640057573149
0.5303026232356294
0.03693039491804806
-0.4036733124474139
0.04497313238717089
-0.4602254131409792
0.12976397553986976
0.30849818249956323
-0.07217944741473034
-0.6155584723461207
0.05290618577659651
0.33478499324321376
0.15000679611009188
0.33623613163774946
0.2657325108256599
0.4210225349763006
-0.12415747918526417
-0.26341088552512637
-0.1814871164327001
-0.16690852362214825
0.3407288596762257
-0.27178455099233284
-0.014791298101046776
0.14872526341019562
-0.11139573459866425
0.00945510360857598
0.011284217709381872
0.09314266748267663
0.38011314970345284
0.5711533132019715
-0.02750078484680728
-0.10283953500457998
-0.442948729183075
-0.14011032815785462
-0.3667993459160004
-0.1723582516936988
0.05087758927093673
-0.44036224941818236
0.42956956272466973
0.3193196155770629
-0.04714052094843188
-0.2381898695216244
-0.06863118961135112
-0.246406514474849
-0.029086841249680823
0.07537881387914533
-0.143884971651444
0.6504151599072646
0.38628131870933347
-0.2531480046518038
-0.712811910272901
-0.03946929843411637
-0.08772333975681545
-0.1090317491763862
-0.28745059644727006
-0.23419804206000916
0.3699902677783596
0.6219200385679781
0.28683017717679077
0.401506930925976
-0.28480832252428595
-0.11124096264266878
-0.3991902473818392
-0.044272074975710785
0.09491690291438387
0.2975316244426563
-0.35840215772433553
-0.3673093627875617
-0.11226065417586076
0.1385115517036621
-0.09621321641624249
0.5703379213375044
-0.23139123672195433
-0.5034098511239482
0.0005084935325985664
-0.010156748801840608
0.4929467443381831
-0.4199511494799264
0.222482258739414
0.167832905013743
-0.4553140947217243
-0.09134242564837135
0.01751139168698861
0.11381076389917051
-0.00034776441405541883
0.13423159589698108
-0.0871895825383391
-0.2537123402468812
0.4393636605979128
-0.3948415472974586
-0.2641867827457065
0.5005712607731165
0.14671773320038406
-0.12867823170325782
-0.16697371498083236
0.5571388658388929
0.04097496100025596
-0.12220655476839902
0.13325125217565437
-0.0014863191014650202
-0.06439666006669217
-0.13530955227486124
0.3231293328633088
0.014367904085733432
-0.28697748552699354
0.3529604603011891
0.2692612426762693
-0.22277693804882773
-0.2599360473867175
-0.384944887502613
-0.24039359216618522
0.6569940772557288
-0.121873463818835
-0.5033639740409804
-0.09105977386160209
0.44632012581514857
0.0014925107380672313
0.12341431611178016
0.38843356924599093
-0.6248982313986731
0.14778051531617736
0.0819087352690521
-0.24932888774977582
-0.4448420431004575
-0.5090831661866451
-0.030151530803746853
0.2504726236257336
-0.0240386294861266
0.04129590817068655
-0.051296157669608315
-0.06773368424153578
0.5181650681846768
0.28280495131309147
0.22442679555807654
0.23434672497673292
0.0807570544876611
0.09839276135665805
-0.42160093113665453
-0.04481931869131084
0.3836041638462188
0.056765078764757414
-0.21003577218593805
-0.1147653969349034
0.4705741707813213
0.37897139388941004
0.0608295858631531
-0.9203715415011126
0.468552369324103
0.8031821205803956
-0.1822791243201072
-0.39536133635593335
0.10592510400701585
-0.3215031832306928
0.056798738938200366
-0.23355378019880713
-0.5827881404599342
-0.29396578374831256
0.2175603311808386
-0.09493937659563181
-0.16536092977985256
0.3720164718659559
0.2114139648943294
-0.3699737117260772
0.02266951575117913
-0.11033739884378346
-0.06720102892364625
-0.197396775551843
0.4765436896328555
0.3944443168215265
-0.41374324029399023
-0.2283533053076114
-0.02171460667069211
0.4033705861709719
0.2332446296265614
-0.31947527581771484
-0.28338159439781385
0.6249291771228943
0.3352150898287268
-0.26381447147229076
0.023631232117619864
0.11352969607232646
0.011507590706554376
-0.03630980311633333
-0.6000088195423432
-0.039103422099818236
-0.030800039266019336
0.28417259662486966
0.20920129608603294
0.14867896172758516
0.13029592440791504
-0.42787584691108627
-0.4220602486581015
0.5904781882445419
-0.2432298625060959
0.3901170101639264
-0.11041519760348348
-0.10211424529484556
0.5151639998270597
-0.06382816159230545
0.07878517536771668
-0.28294634064144675
0.17108261026420052
0.6120867296337118
-0.2990946487855879
-0.15253531068275514
-0.040543789066568574
-0.04005749906538465
0.15287206559076683
0.36232517236821726
0.3878872021336113
-0.6740329785862086
0.20935583033009167
-0.20444456042345577
0.2578035832363894
0.1325211251394096
-0.6581112498456927
0.05162924999400337
-0.06832634268833643
0.3952789184513162
0.07069690148489657
0.29606635283107535
0.31707612056515655
0.3595692257587019
0.34070033111554254
-0.5199894112410508
0.05984043715242923
-0.024884120748077
-0.18474663668781574
0.21090442793855035
-0.42610069215013874
-0.2059046835263393
0.32312306412982045
-0.15615122268968995
-0.31548582934184194
-0.01896641970453004
0.40202297475238513
-0.5128609327271356
-0.0934382731525713
-0.14976083611061475
0.23525483963067906
0.3861484063228976
-0.16197363754180782
-0.106278604690209
-0.7634142669122782
-0.003992855336267295
-0.3992984160629852
-0.3033606209446339
0.49039084844691816
0.2071049844360393
0.5404297540606973
0.2890621917448916
0.023813267239532226
-0.2548433764670658
0.2101541825058496
-0.11566100289631723
0.23809226497224675
0.06391316729459884
-0.3812959534049408
0.29899626249577727
0.2722982160405392
-0.2715084335021984
-0.2872478047785825
0.21558438751297943
-0.260948636041544
0.008331092129328938
0.5238627019463091
-0.34916648250761184
-0.4843300703706058
0.02326969500156455
-0.08009811764355129
0.05709097025472687
-0.5122406685097778
0.2464616746668361
0.07388601347137325
-0.3160316809076719
-0.08659717689486696
0.23676427016216023
0.41787657997864047
0.03396063864099329
-0.08521864295509057
0.2788758411097533
0.044285970843102235
-0.0663135234971055
-0.2796323141246978
-0.05609724362496673
0.11621149364258304
-0.29263019574626375
0.1606329942149438
0.42739667622744976
-0.3336802338947122
0.5546322658759599
-0.5303282126766137
-0.46276343408244575
-0.012536856772264633
-0.115697811858993
0.41816877919736656
0.2991790058592051
-0.6884835497245323
0.02334161844143873
-0.26056486964730485
-0.05753421739332887
0.41884779149838336
0.3539926620161169
-0.5200103189061445
-0.2632067583750207
0.1554408122391012
0.13334161432485755
0.42280293720716655
0.3725263189445204
0.00559148413128151
0.23237949904751876
-0.3892418826841458
-0.3288615157236691
-0.3925175046104071
-0.03752294738955973
-0.6566455265418526
0.04420228866860939
0.48591776214497195
-0.20168364603436845
-0.04734071385998171
-0.633911531765729
-0.05335243323143428
0.37436542425324437
0.23059652549182313
-0.19957887446033967
-0.12148882748242323
0.1782265011328886
0.23278565690740682
0.02438103162213362
-0.1589532420658912
-0.09268269709388524
0.44900508384212406
0.1990771708623936
-0.2501883978509947
-0.4299988905277828
0.12088665636349104
0.5971534071100577
0.03780177502132512
0.2823938570056455
0.17809985718255505
0.23174293423854067
0.26929405444379995
-0.214232219064667
0.20091288284420994
0.0583690692598398
-0.1982123611594354
-0.5712993949512258
0.25849491752243914
-0.32544524658085583
-0.15301802905833148
0.5611925561137427
-0.04305368287077651
-0.4426669688897692
0.47012303883840684
0.46670090883022486
-0.3096035887378633
0.10909465405620057
-6.195782211766872e-05
-0.14099237294842917
-0.016998473972604615
-0.3396989507365123
-0.010342832125730016
0.06778833023128451
-0.018679462984324498
0.2845286019629249
0.500300128356378
0.06214049618629436
-0.21392642319316965
-0.08718223332272591
0.4863994896145775
-0.05057412105152623
0.20318835512506442
-0.029885208095890584
-0.26891468277076996
-0.27429127588235774
-0.08291405784199055
0.026724960208922496
0.15089215161730987
-0.31850104493253134
0.0749835116949035
0.38950022774808396
-0.020643702982403107
-0.08465693161276396
0.09930329139867905
0.04123240705130837
-0.10961568988461474
0.17302388511408617
0.16945182615410473
-0.3749865740441892
-0.35382956696429263
0.7861655729568668
0.004191054226944602
0.15802776321374873
-0.1532609163047314
-0.15425709048550285
-0.28325618093257915
0.23406530635668832
0.6216706366869063
0.23493227502947175
-0.3460969755785385
-0.18993623856805408
-0.6213611394438067
-0.13381976297967862
0.26295550681375324
0.6341710854940997
-0.8519585619335385
-0.12613897994579504
-0.0753963640524111
0.27101455084251413
0.1811678872155431
0.10001839533897246
-0.06081579089478957
-0.06288260626260254
0.6570560579261074
-0.1170153214688873
-0.042966065054320116
-0.3402888873984675
0.23487477676200907
0.44223611605128677
-0.14659155497950946
-0.24711824033196977
0.3325381360623669
-0.031864564682527685
-0.16717871343570218
0.32763108389000467
0.03521392893963508
-0.5346668650987505
-0.033739469946797496
-0.11063068239993638
-0.3871383029724585
-0.054142141933145434
0.6443730416084947
-0.7017113467622816
-0.0755222563806109
0.16115441753619247
-0.44215365797497586
0.3651607447118132
-0.24251059803768674
-0.015295128990105454
0.42909125643418927
-0.6969826497983994
0.4545682686016415
0.2297170683962404
-0.08042369877343199
-0.3704717614643109
0.17315956985717518
0.24034123697998008
-0.050161278302345264
-0.34082481940429205
-0.36627541806627667
0.43563974880569356
-0.012911671337622225
-0.2814298248340799
0.21585585003668417
0.043500802715226244
-0.07902672922283654
0.08568719985130412
0.6194565822655159
-0.034804630660740014
-0.2330949673046355
-0.43204025661966033
-0.2104936315469002
0.23059572131336614
0.07209220425218471
-0.13340931554951171
-0.1746584730070367
-0.028733697943957304
0.12737077855801227
0.0837885512848275
-0.7268864529448453
0.12870232622842553
0.44060411504498304
-0.40268638165671394
-0.38666562281867006
0.550512743701019
0.5861008338575248
-0.05782569928985415
-0.36783845435695306
0.4963253790925241
-0.6443214592678037
-0.17076278995830088
0.5764047781214844
-0.19429405646935283
0.4476088923677721
0.17124941128114265
0.16177892210830047
-0.13882167156813885
-0.2906759359729176
-0.22700911847503602
0.0003676513019081791
-0.41044273733123865
-0.24755979609827822
0.3030317306603732
0.020697568206058937
-0.13186198474828859
0.40882088840905073
0.6635303988831637
-0.6309774885529144
-0.1351997009988256
0.21226920467124644
0.06445919548365918
-0.3250110291010501
-0.04978225698501418
0.52775309610659
0.2879797181990519
0.27804012599224875
0.01624174476135843
-0.15732314252631155
-0.5382149888762667
-0.14447769086941853
0.40990890622616455
-0.146454839676834
0.15244751016609653
0.328857466673435
-0.17820248561590957
-0.5864697645578073
0.3913736257828285
0.12797957001661933
-0.3529316200609777
-0.010852134707996314
-0.3353274610850515
0.22284296784102905
0.04450403965686596
-0.36787952548183245
0.27121926188814494
0.3075840855358318
0.2721300085479723
0.4638096749335227
-0.23625636690552282
0.2312612849300907
-0.4167947261667306
0.22961063742974183
0.6570744216418785
0.18073240189483036
-0.4742180121211821
0.30753696797122937
0.04486442969035589
-0.26208502564721353
0.004511813967789685
0.26127636432400536
-0.04280090423509686
0.06454608320162206
0.09963558800445635
0.4037949178707071
-0.23609449669097365
-0.15842927858438496
-0.12155037061398391
0.20572289549751993
0.43261080885258285
-0.6105314411983309
-0.3042086398987637
0.43916521006461484
-0.17388326222924042
0.22071764636295566
-0.23859200558253457
0.2767424688119264
-0.1910869592139378
0.03653986250983393
0.10578235478976986
-0.15910563299836114
0.2548422843982121
-0.4557225230831106
-0.29272847236955213
0.21127317635639578
0.21595144049416057
-0.21772337562384028
0.7350118253315949
0.11842115152812471
-0.2449853644569723
-0.06491977904462816
0.3044985148509896
0.4060278014829944
-0.3910163590847289
-0.8443741312841936
0.17587344961668316
-0.4138434784439464
-0.47459598589730273
0.6519155909126666
0.009164909167024293
-0.2828621932465437
-0.04862478850099811
0.14427310030791293
-0.10036445951093542
-0.3072913978762521
0.2332034730090571
0.3748250644963963
-0.13767167939892402
0.600161980104109
0.3542960518513326
-0.20278511023238802
0.1787643246814142
0.21366372109532
0.24179128691088808
-0.8705928361409413
-0.21336864890696647
0.07224014517041807
0.2945478798026062
-0.5723676815481518
-0.4450528096649274
0.2733203659404948
-0.12431885982856773
0.013540537526753615
-0.2805508199935024
-0.04480478198994616
-0.14050073984666728
-0.16364236936113058
0.4225940082701811
-0.6123679287738377
0.2704103309936087
0.2720612370728353
-0.3810313140305691
0.04727400691907268
0.32244234158865515
-0.15860554583131306
0.3323085006405492
-0.06281320265057477
-0.253169094233174
0.1833649184871282
-0.04687774380014044
-0.17810186280710383
0.14102275625309094
0.023541557438611804
-0.38657585541998785
-0.21828363746958948
0.27689395237126674
-0.2875436543243607
-0.6620367461067805
0.2810875640107951
-0.059365024009821604
-0.07691694412137914
0.15607607534601456
0.2381595741044848
0.13349953570952952
-0.29790402307866204
-0.1621770306119587
-0.030563724130315738
-0.13525373320261141
-0.25110988773601767
0.13240373052264787
0.1674156157836276
-0.4167022454605077
0.130130792231348
0.24837673719430428
0.10258581645053355
-0.1001365382907792
0.09718780864490512
-0.12102387531074449
-0.30681402165456817
0.2961996870848613
0.14983949855425127
0.006793178421910309
0.3511650844897336
-0.32912859501305786
-0.4704742449352327
0.2668757645440294
0.2177334533249115
0.27439509417956537
-0.42218624334397997
0.04968897179634248
-0.3341838927310646
0.24022911229171567
0.4048199752296395
0.2693404054155029
-0.20756173115764107
-0.3341591339297508
0.08371680555907673
-0.28421595064482696
0.0672806112394638
0.23319325576245284
-0.17523972156088657
0.24272316949438058
0.1363926355937018
0.23451358260210015
0.49502957117355206
0.15585271021693384
-0.6817483382020252
-0.026615515531612018
-0.05725681524910831
0.22060959299556776
0.519267086692049
0.2777371715227065
-0.04211188737162379
-0.4943460955997461
-0.5115391633541246
0.38679201127121526
-0.2436364618753607
-0.3382005911549107
0.5407528539238267
0.3206833737106528
-0.34808008279993496
-0.4299161853235749
-0.8563648440270517
0.28464695551564434
0.5576457761501765
0.2569714878692831
0.3300878818467952
0.20021277918373256
0.14317493481320978
-0.4111052787291471
-0.22682845457576611
0.33706476314537553
-0.0684937116107194
0.01221623403730034
-0.21903567665868492
0.18807919272441176
0.45899299344617217
-0.10477827688054103
-0.14211177470779135
0.09461600285802943
-0.528172601492703
-0.49979834101362763
-0.26142040782022435
0.1444109514815678
0.8181427398293644
-0.06889337247548272
0.24136190879327188
0.02469721698452561
0.17584250067450635
0.09968475312543834
0.26789792990558375
0.16714636929166504
-0.025374751948251145
0.5438639402347459
0.006272336220779266
-0.45890083150373634
0.03463859963894331
0.19985401615556916
-0.04305509079765623
-0.14233624861373578
0.07671462161154347
0.2020020535578163
0.22950943920459896
-0.23453525153570287
0.21233666974814036
0.08376491946005611
-0.03434008276155252
0.1095832255757322
0.1929886694080269
0.005634350053422214
-0.13598336650843257
-0.400170602049328
0.09833368458365616
0.19396438018804985
0.14386592522830063
-0.1664057808566871
-0.013758594557559466
-0.10835762736390799
0.5665554747569146
0.5294037640614443
-0.1710160752702943
-0.26747132631115667
0.45397275123521835
-0.4741751257769359
0.12922276993781656
0.44149974641710765
-0.40854836869456185
-0.12133772750781797
0.0104346893684703
-0.8289239635708402
0.34096385388309147
-0.22703972218947083
0.4157370927305476
-0.15020483579537616
-0.5358815568073314
0.26933340187692845
0.09489412065627241
0.18847347773627032
-0.261327159308529
-0.07139402218633312
-0.11768271279468451
-0.43809067853106515
-0.21042077823458125
0.09053461867428565
0.3415094076589833
-0.17882205541682492
0.5418854314306606
0.47775420101205085
-0.3921207430066414
-0.033565680449620175
0.030887411860970448
0.09394260307841759
-0.17550465142509267
0.25708238543756895
0.17238935142959566
0.28693096838949406
0.40538897504595994
-0.5705058067540069
-0.38556364090955664
0.5002791535255241
0.21886993907786043
-0.0637562955557909
-0.09764169001554897
-0.23898371082554384
-0.09614041002830157
-0.5516221915963135
-0.09141858987905067
0.19908712473752416
0.07196107476015404
-0.4438530741808074
0.026555975180325174
0.136312411961333
-9.96272871518749e-05
0.12827993215274486
-0.02327108774569346
0.09950251223331402
0.4132502066699668
0.0031880077603892035
-0.5450993683305427
0.42091157420096914
0.05005223687426278
-0.27544723684109007
-0.12780435087000405
-0.5447528287534988
0.05347053448606905
-0.6053538337159324
-0.21370757449134375
-0.21046579322831518
0.009592872364157717
0.609398430771337
0.13473384430264762
0.020823909437443368
0.2965486212806544
-0.010070453914272826
-0.42929977578171
-0.2883779808022561
0.5057479979452624
0.06956385015906398
0.31512961448564936
-0.3923884764310961
-0.14747366741455767
-0.45555211265801515
-0.257664395280862
0.11431973222327199
0.11403315881868764
-0.03707156787646042
0.02436390145068779
0.07945096223461527
-0.20553059854930877
-0.22763370386399057
0.2772369790800199
-0.1777518548670817
-0.2285429601285803
0.166007212340173
0.20053620575818965
0.017208812295402515
0.23936273920576046
-0.6491213184919656
-0.06498260965167929
-0.1646995793290117
0.6383382639609015
0.49388823306547963
0.20484866644153976
0.11664089152541936
0.07435437281597355
-0.0008594310739062179
-0.6989132885673109
-0.8054039001827514
0.2184138766322494
0.49144073379366116
-0.28062562390104867
0.42408830869793807
-0.016731069920286157
-0.14581837676230516
-0.1517806637379971
0.14253870094527296
0.35253719534976674
0.2094571383456686
-0.013652795993340502
0.15458195218250786
0.06072621467579831
-0.11367099160281718
-0.21250776423713102
0.037543191825948896
0.23503615813296888
-0.019909460066647296
0.02718105001012304
-0.22891023294488586
-0.6235714858064082
-0.18251218582305934
0.05466620153775592
0.1988202643672814
0.07168167913709689
-0.43036221698148397
-0.014916242954377698
-0.13033088719623687
0.08279808753437042
-0.0751348950543233
-0.4362248333530202
0.651574011177865
0.2831698960640035
-0.20201684838847336
0.45335716093914513
0.040234081908769356
-0.03114902443832318
-0.40967278293716713
-0.23752484527963416
-0.30316191216766725
-0.15895851338835212
-0.019230880459614744
-0.11541229847374193
-0.01895984922532838
0.07955684643733547
0.04002256927821223
-0.44312521696134877
0.21003949849896214
-0.17024667483348657
0.4624665826136026
0.5754595989732778
0.27730416438395744
0.3594441894212068
0.2480005813500013
0.2275284853679152
-0.6620962996573571
0.1426598100294821
-0.33247786271509594
-0.01974095128790944
0.1481680843709941
-0.9009323982669788
0.4818864923014165
0.2792727803664344
-0.229048868532631
0.21988077313577617
0.14116153935437964
-0.3612591274291072
0.23008547746300104
0.4755928892650322
-0.09169729323645992
0.0993999444711634
0.06114042830832141
0.06492765675869433
0.20041599802437415
0.161363862658918
-0.23534413563704717
-0.08750604027514693
-0.01149636715772473
0.052740802613651314
0.250597110541309
0.12721642745227688
0.6590297671351621
-0.2909916805045536
-0.9728232776357888
-0.5050174352730715
0.26026345724573036
0.34766268177921267
0.32446788871436244
-0.25591918801576996
-0.3957970872451797
-0.2769009984466695
-0.006399896594164452
-0.06880772231171328
0.06287455800698089
0.41001133488904407
0.6729067646959176
0.3848280986234358
0.08316918433756089
-0.20247418332378608
-0.014700011500144564
-0.26097122591383326
-0.138214448346449
-0.04626796970434576
-0.29526879578600984
0.08822118337360463
-0.178729600457246
0.42430800143364755
0.10323933857836322
-0.2342069758473983
0.013067944983575334
-0.4624219644670145
-0.5855739920793057
0.32534368421873233
0.31184579762546843
0.10158698587118119
0.3003948782202273
0.05185688843021789
-0.062375592098304476
0.7607232085743486
0.13906888281738317
-0.35771370393006374
0.2388701004378585
0.44244107013863593
0.19105524187307338
-0.3125749871223536
-0.24940394408214742
-0.4759495150819341
0.2400415453125282
-0.1754667767761757
0.0012329034685598546
0.4290552915961196
-0.27416491252631214
-0.38000604018130435
-0.05453144253001034
-0.064502731759804
-0.2869711702696275
0.579537915732088
0.2325581824009894
0.4427182839756854
0.08589631034781572
-0.10354638961445513
0.3329004406737539
-0.14025040118634527
0.07194304797700309
0.7149450063686602
-0.4226706850485751
-0.2674261057460609
-0.1956035862605464
-0.23082146724915337
-0.16139111314999907
0.04110432041136199
-0.5062068098650683
0.301135593717266
-0.030087385563811596
0.49894057322333724
0.7443353372402062
0.25364575998117783
-0.40885873906252135
-0.4100171046114206
-0.47503561371426706
-0.010590026364978357
-0.05852587603702179
-0.07003176933141564
0.012683235435298194
0.02074170132846944
0.0510207715752718
-0.3571216240511556
-0.6939536282744776
0.28150746415610295
-0.13450546817151604
-0.0037306497787034654
0.11622942054126191
0.09598706571247691
0.18329626127533585
0.030795447119968237
0.03264377559696285
-0.18165755193555067
0.32944389928161516
0.5557307925878288
-0.17102146373614535
0.32920226237621364
0.49170599275237825
-0.2382714085917687
-0.24618706884900854
0.24910423905291093
-0.1604513858363596
-0.10164181172384255
0.1747208130432475
-0.1480644543137576
-0.21238627205857596
-0.1890878979270432
0.0198255955875731
-0.2775614761707693
-0.2124825669363699
-0.11281840412021461
-0.11793517678537813
0.014759961583441887
0.25381008554033857
0.49530165744074567
-0.11928922626058308
0.2694962217193288
0.1470185222039986
0.00870411425517777
-0.06783894238755725
-0.029307092126492164
0.16929533997722687
0.05345677046560478
0.049642228459102086
-0.4307265826817358
0.3331753934458876
0.3485384892477025
-0.5703351159757168
0.21652155847335222
0.01611259800811635
-0.30977296271823623
-0.07363043592436994
0.0029965980699310766
-0.46601251238012253
-0.1526344636810319
0.17010710718684074
0.13108106445988882
0.32063324549151134
0.3521298104982257
-0.3131192365087762
-0.48717625361994354
0.07223142524443128
-0.05894496642510475
-0.022156605911800003
-0.4184915950504451
-0.04272100727543292
0.19550496287511882
-0.18689157241942161
0.20686617584229786
0.04225742111965887
-0.2759348582203534
-0.37533889249542196
-0.4035122128125963
-0.3877514374889703
0.07235960305281164
-0.2054680254076517
0.3129853203268618
0.43036145537794307
-0.08767607061994492
-0.27984409763964774
0.43985304392787894
0.06898339248304586
-0.25183036627563254
-0.08452812388004058
0.3045073612658067
-0.00775782242076177
0.04901059607731008
-0.04835908745516067
-0.13256266313665657
0.09575668935340463
0.03153292838052406
0.3134346095876267
0.2888923948631801
0.18029845170349665
0.28456876898009215
-0.01274418856925148
-0.07479738421935561
-0.3208060178294862
0.3570746941115682
-0.02198981276729506
0.1817838010239446
0.04660080826183513
0.006703129767601054
0.004756445525088068
0.001756235720739848
0.19286847946331753
-0.37888357447223037
-0.3325084561919702
-0.3218442088920846
-0.5818366301338767
0.4238132403917742
0.21969683798529735
0.1242652781176156
-0.09734656814442783
0.05397758995412548
0.08295403122660772
-0.21935540574053017
0.22253436149415848
-0.062120483280969245
0.2903676092024631
0.6551607565188603
-0.04782563411363214
-0.33377856438772574
0.1424002980098386
-0.3004604636018667
0.019088758559867233
0.11630865808232974
-0.23532100578901455
0.03610157812541118
0.1079554564684675
-0.20135271050668738
-0.16226528920908598
0.23444922476191415
-0.09478343530518538
-0.18984937659248532
-0.3881998661183821
0.014352556233105013
0.25372982423611345
0.03186052610266926
0.08233079347342205
-0.46756732620061175
0.09621606926554459
-0.1953879873295467
-0.6854784485004278
-0.02196825172746724
0.20211703173472695
0.3723139062404121
0.5044547561521062
0.6360395626284154
-0.6332855819347445
-1.0565719012175847
-0.5436304002014289
0.6217890003593978
0.33652651075997886
0.08385736689998552
0.34610861700235246
-0.16888601493473912
-0.3291851195304778
-0.02601341129349348
0.045793017920388396
0.12372935763946054
-0.395535034074537
-0.05565520038972677
0.3011982195058544
0.04650742851123363
0.21452816118189916
0.21963614423034644
-0.009432127414116094
0.2753972314205424
0.22759156229791527
-0.3644612060784409
-0.36313892254186214
-0.04788898504787184
0.44946667738023505
0.24103613346218833
0.3043461278604021
-0.03238475382892572
0.04230540476666348
-0.3777389773471323
-0.33599740846843806
0.09241199343709963
-0.2905434398516547
-0.38252221954122106
-0.1265016702426536
0.07291253353438389
-0.36885533288036043
-0.16685747968046516
0.27855994300459214
0.018602283470228933
-0.20504485059598815
0.4688704426189935
-0.2680656413318782
-0.23311012706953804
-0.18856029227852936
0.6005792554020752
0.2895492172871054
0.45886707718869285
-0.349280346533593
-0.5131324831313623
-0.21584641086122394
0.41269454934377614
0.1558521580396482
-0.15526628867825865
0.24856473578523575
-0.058184040156707556
0.20309096155530737
-0.1513913756393383
-0.6912279943305919
-0.20852611039449906
-0.021724936915297817
-0.29259266325547817
0.4459811431928652
-0.29034946916280646
-0.36212848491985283
0.4447625884204532
-0.07130582873907741
-0.08889818373398736
0.0037008709811206207
0.0033827292662281794
0.029081061815982454
-0.1306834495031423
0.2077944538499678
0.0276227436966073
0.6265641660543603
0.019909177417523443
-0.6056923100253268
-0.3798528003734273
0.693456434549361
-0.024757843323731467
0.06458727521429052
0.43103132600471905
-0.33715484955064734
0.6075901096145412
0.15944447489600128
-0.2514445043212892
-0.8138764448708726
-0.14248568052919636
0.26375881489257863
-0.07831486984824307
-0.3114520728232748
-0.07403420772915213
0.6661789441311974
0.23623988233639998
-0.2702690951665556
0.1851402750779801
0.34102677821243493
0.44271218807427093
0.0870359449651225
0.012192937151292209
0.43321477048683
-0.38043803033997187
-0.05128357185113243
0.24365412721916807
-0.5589529378219519
